0
0.027719947999997885
0.05238291599999911
0.07833286400000361
0.10322723900000597
0.12834182299999952
0.1531100520000166
0.1780113540000059
0.20286666600000558
0.22733968700001128
0.25200828100000194
0.2767603119999933
0.30145505199999434
0.3261319789999959
0.3511626039999953
0.37617380200001094
0.4012466140000015
0.42597333300000173
0.4509375519999992
0.4760600520000082
0.5007750000000044
0.5259279680000191
0.5505274470000074
0.5756399470000133
0.6004458849999992
0.625364114000007
0.6500095309999949
0.6745331240000212
0.6991427600000009
0.7237678120000055
0.7483625520000032
0.7728586970000038
0.7974060410000163
0.8220476040000051
0.8468421350000028
0.8714656760000139
0.8961445310000045
0.9205982809999966
0.9453273430000024
0.9700338009999996
0.994623071999996
1.0191384370000094
1.0436375510000175
1.068229687000013
1.0930948950000072
1.1173510410000063
1.142007551000006
1.1666011970000056
1.1912032810000142
1.2158993220000127
1.240570364000007
1.2647308850000059
1.289433540999994
1.3139058330000069
1.338589010000021
1.363614425999998
1.3882892180000113
1.4132032280000146
1.437822916000016
1.4626746870000034
1.4875699990000157
1.5123229160000164
1.5372727069999996
1.5620222910000052
1.5869904680000104
1.6116347910000002
1.636613853
1.660824477999995
1.685799947000021
1.710387916000002
1.7349995820000004
1.759583541000012
1.7841835410000044
1.8088994260000106
1.833406666000002
1.857929686999995
1.8823241660000178
1.9068401549999976
1.9314763010000036
1.956181301000015
1.9808123429999966
2.0053786450000075
2.0298128109999993
2.054597655000009
2.079199165999995
2.1038067180000155
2.1284146860000135
2.1530457800000136
2.177628853000016
2.2022434879999935
2.226864218000003
2.2514066660000083
2.2760386970000184
2.300868749000017
2.3253983840000103
2.3500440610000055
2.3751616130000173
2.3998362490000034
2.4248743219999938
2.4495351030000165
2.474505571999998
2.499275728000015
2.523942290000008
2.548910467000013
2.5734266649999995
2.5984393220000186
2.6230057280000096
2.6479909360000136
2.6726198420000173
2.697052603000003
2.7216536450000035
2.7462858840000024
2.7708565610000164
2.7954569780000043
2.820098228000006
2.8446620820000135
2.869260780000019
2.8936834360000034
2.918457966999995
2.9431056239999975
2.9676801550000107
2.9921797899999945
3.0167109360000097
3.0413976549999973
3.0660493740000163
3.0905692690000137
3.1151634360000173
3.1395732280000175
3.1642247380000015
3.1886635920000117
3.213280623000003
3.2379638010000065
3.262470780000001
3.2870081760000005
3.3116830190000144
3.336150779999997
3.360642655000021
3.385812759000004
3.4105604150000204
3.435413748000002
3.460054009000004
3.4849901030000012
3.5098729150000167
3.5346597900000063
3.5597260920000053
3.5841994780000164
3.609043540000016
3.6337368210000136
3.658662394000004
3.683191039999997
3.707793384000013
3.7324107270000013
3.7570817170000055
3.781641300000018
3.806193123000014
3.830790102000009
3.855184582000021
3.8799404670000115
3.9045851019999986
3.929171769000021
3.9536527589999935
3.978318071000018
4.002955363000012
4.027541873000018
4.05221229
4.076698539999995
4.101246977000017
4.126190467000015
4.150866613000005
4.175484634000014
4.20011057100001
4.224449581000016
4.249235206000009
4.273881977000002
4.2984338520000165
4.322989581000002
4.347434425000017
4.371827498000016
4.397240779000015
4.421903904000004
4.446869217
4.4715819250000095
4.4965480710000065
4.521392758000019
4.546033488000006
4.571094269000014
4.595656665000007
4.620777185000009
4.645318435000007
4.669780830999997
4.69435062300002
4.7190427580000005
4.743706300000014
4.768185622999994
4.792779321000012
4.817380571000001
4.8418920809999975
4.866539737000011
4.891108800000012
4.915602342
4.940126144000004
4.964626769000006
4.989273331000021
5.018657394000002
5.043327550000015
5.067930310000008
5.092680154000021
5.116999217
5.141605883000011
5.166185779000017
5.190432654000006
5.215095934999994
5.239730935000011
5.264205414000003
5.288463696000008
5.31265864400001
5.337366039000017
5.36178020600002
5.386349007999996
5.410819425
5.435313643000001
5.460339425000001
5.484881404000021
5.509828018000007
5.534574998000011
5.559304424999993
5.584404477000021
5.609026873000005
5.634064268000003
5.658630361999997
5.683579997999999
5.708379268000016
5.732921612000013
5.757537914000011
5.782178799999997
5.806736300000011
5.831546456000012
5.8561256750000155
5.8807150500000205
5.905191768000009
5.929479944999997
5.954279529000019
5.978836091000005
6.003307445000019
6.027723487000003
6.052215258000018
6.076800883000004
6.101530779000001
6.126095727000006
6.150705154000008
6.175298851999997
6.199902914000006
6.224175727000016
6.2487777059999985
6.273034319999994
6.297746767999996
6.322161299000015
6.346790466000016
6.371315414000009
6.3975990080000145
6.422955048999995
6.4476088510000125
6.472437444999997
6.4970867160000125
6.522049268000018
6.546631923999996
6.571688746999996
6.596430674000004
6.621264528000012
6.646317444999994
6.670648486999994
6.695483902999996
6.7198229660000095
6.744643069999995
6.768838591000019
6.7936747889999936
6.818051299000018
6.842355310000016
6.867823122000004
6.8927136430000076
6.91728077800002
6.942239789000013
6.966704476000018
6.990874112
7.015356560000015
7.039856664000013
7.0647491640000055
7.088993278000004
7.113613799000007
7.1381848409999975
7.162746143000021
7.187413903000021
7.21222421600001
7.2364939550000145
7.261369841000004
7.2859751010000195
7.310370101000018
7.334663070000005
7.359805308999995
7.385060049000003
7.409324580000003
7.434106506999996
7.458702079999995
7.48379395500001
7.508339580000012
7.533465726000003
7.558145726000021
7.582985413000017
7.607805256999995
7.632399893000013
7.6574844240000175
7.682170361000004
7.7072580180000045
7.731750309000006
7.756598799000017
7.781137966000017
7.805960881999994
7.831352393000003
7.856347236000005
7.880936455000011
7.905690205000013
7.930240205000018
7.954587601000014
7.979172548999998
8.003343486000006
8.027776403000018
8.052307861000003
8.076678434000002
8.101123903000001
8.12582921500001
8.150386247
8.175034267000001
8.199528330000021
8.224130048999996
8.24862197600001
8.273223122000019
8.297886663000014
8.322482027999996
8.346650569000019
8.371209528000009
8.395862288000018
8.420264528000018
8.444725882
8.469321610999998
8.494363641999996
8.519038902999995
8.544374840000017
8.569059632000005
8.593940778000018
8.618747600999995
8.643618016999994
8.668622443999993
8.693128537999996
8.718300986000003
8.74286010100002
8.768008382000005
8.792594683999994
8.817257028
8.846097444000009
8.871498746000015
8.89615468400001
8.921124891999995
8.945809996000008
8.970947705000015
8.995617965000008
9.02004718400002
9.044644371000004
9.069264684000018
9.093990568999999
9.118409892000017
9.14300426700001
9.167532444000017
9.192189580000019
9.217716402000008
9.242344736000007
9.266874736000005
9.291365151999997
9.31600072500001
9.34065702700002
9.365115465000002
9.389757757000012
9.414382444000012
9.438974579000018
9.46361489200001
9.488170257000007
9.512649371000009
9.537236922999995
9.561691767000013
9.586543538
9.611120464999999
9.63639468400001
9.662917600000014
9.687940986000001
9.712211090000011
9.737195465000013
9.76174728800001
9.786650100000003
9.812082443999998
9.838327965000019
9.862941663000015
9.892196454000015
9.950776974999997
9.983168433000003
10.009364475000012
10.035757965000016
10.072293590000015
10.097324215000015
10.122519788000005
10.147397600000005
10.17203369400002
10.198098068999997
10.222956194000005
10.247762131000002
10.272375100000005
10.297440569000003
10.32291020400001
10.347962131000003
10.373170933000011
10.398194474999997
10.424133173000001
10.449107182999995
10.473875464000002
10.499158589000018
10.524176975000017
10.549777599999999
10.574851923000011
10.59972233900001
10.624492808000014
10.650659996000002
10.676059162000001
10.700940829000018
10.725864058000013
10.750233433000005
10.776168640999998
10.801284422999998
10.826338485000008
10.851700152000006
10.87841150600002
10.903460256000017
10.92822707900001
10.95355681800001
10.979058068
11.003997964000007
11.028789058000001
11.054093173000012
11.079117859999997
11.104664890999999
11.129383173000008
11.154133485000017
11.179208693000021
11.205090204000015
11.230577912000001
11.255894839000007
11.280715673000003
11.305991141000021
11.331623589000003
11.360497546999994
11.386880829000006
11.411733588999994
11.436329475000008
11.461337027000013
11.485951088999997
11.510679631000016
11.535297131000021
11.559885412
11.584725047000006
11.609459527000013
11.634124527000012
11.658656661999999
11.683308902000022
11.708640152000015
11.733254318000007
11.758489943
11.783099786999998
11.807550829000007
11.83294681800001
11.857565985000008
11.882078223999997
11.906714786999999
11.932053068000016
11.956666349000017
11.981242964000018
12.005857964
12.03052952600001
12.055890411999997
12.080117235000017
12.104633328000006
12.129262287000017
12.153966609999998
12.179722182999996
12.204231662000012
12.228973120000006
12.253615099000001
12.278086244999997
12.303366193000016
12.328081297000011
12.352525516000014
12.377251453000014
12.401833952999993
12.427134005
12.45166358900002
12.476122130000022
12.500678745000016
12.526097547000006
12.550752912000007
12.575341662
12.600596818000014
12.625065984000003
12.651283172000007
12.67598614100001
12.701157182000003
12.725969630000009
12.751763796999995
12.776412964000002
12.80146437000002
12.826180932
12.851313797000017
12.876584629999996
12.901728484000017
12.926352078000008
12.950981974000001
12.975906870000017
13.000909422000007
13.02588989100002
13.050386556999996
13.07553556800002
13.100653276000003
13.125775255000008
13.15030108800002
13.175166453000003
13.199838172
13.225712391000002
13.250297495000012
13.274626036
13.299194005000004
13.323446036000007
13.348404681999995
13.372962234
13.397607963000013
13.42218588
13.446765047000014
13.47182598400002
13.496504838000021
13.521196922000001
13.545868224000003
13.571051713000003
13.595939578000014
13.620311869999995
13.644994630000014
13.669618536000002
13.694724213
13.719227859
13.743875047000017
13.768520932000001
13.793121817000014
13.818722807
13.843482703000006
13.868480723999994
13.893127910999993
13.917832962999995
13.943040984000021
13.967559682000001
13.992214474000008
14.01662978600001
14.041128067000017
14.066635359000003
14.091232337999998
14.116013691999996
14.140725359000015
14.166133328
14.190661296000002
14.215186609
14.239596661000007
14.264229786000016
14.290364838000016
14.31488499400001
14.339533587999995
14.364699838000007
14.38940744200002
14.415011088
14.439516088000005
14.464782078000013
14.489500307000014
14.514568275000016
14.539248119000007
14.564454994000016
14.591259005000012
14.617326087999999
14.64179754600002
14.667755827000008
14.692239786000016
14.717738952000019
14.742224265000004
14.76801556700002
14.792607701999998
14.820417390000017
14.845199003999994
14.87037421300002
14.895096452000018
14.919830879000017
14.944527649999998
14.969666036000007
14.995050149999997
15.020340567000005
15.045008015000008
15.06973650400002
15.094352702000009
15.120119056000021
15.144553588000008
15.16976025400001
15.194335775000013
15.21992265
15.244522025000009
15.269138744000003
15.294214785999998
15.318908483000001
15.344065098000016
15.368423588000013
15.393545202000013
15.418127389999995
15.442722180999993
15.467961192000018
15.492578952000002
15.517304160000009
15.541750827000016
15.567092129000002
15.591748171000006
15.616333534999995
15.640927910000016
15.665521035000012
15.69060515000001
15.715162233000001
15.739728952000007
15.76441692100002
15.788936140000004
15.814549577000008
15.839182546000018
15.86379285800001
15.888331869000012
15.91299895200001
15.937985878999996
15.962431503999994
15.986989993999998
16.011422494000016
16.035688692000008
16.060910774999996
16.085675046000006
16.110316869000002
16.134519889000018
16.159059681000002
16.184253900000016
16.20893150400002
16.23363416000001
16.25937895200002
16.284523274999998
16.309179212000004
16.333608327000007
16.358318639000004
16.38292192100002
16.408584993000005
16.433212233000006
16.457825514000007
16.482555046000016
16.507315827000014
16.532217129000003
16.556689577000014
16.581822337000006
16.606380098000017
16.632235150000014
16.657034420000002
16.68172650400001
16.706433013999998
16.731725150000017
16.756985721999996
16.782353639000007
16.80710525400002
16.831740462
16.856953014
16.883282389000016
16.908108587000015
16.933154940999998
16.95780525400002
16.98287817000002
17.007654160000016
17.03230155600002
17.057534577000013
17.08215186800001
17.107651919999995
17.132301087000002
17.158481711999997
17.183344575999996
17.209191816000015
17.233868690999998
17.258947910000018
17.283557441
17.308673431000017
17.33371697200002
17.35863124300002
17.38318358700002
17.40779494100002
17.432960148999996
17.457677493000006
17.48225655600001
17.50702087800002
17.531692805999995
17.557356346999995
17.581978326000012
17.606222075999995
17.630863691000002
17.655644367999997
17.680640983000018
17.704961764000018
17.72955624300002
17.754007596999998
17.778411868000006
17.811995826000015
17.838502441000003
17.86367973200001
17.888396868
17.913915253
17.938644889000017
17.963976502999998
17.988371607000005
18.013789160000016
18.038162337000017
18.062826191
18.087636034000013
18.112240721999996
18.137185149000004
18.161926451
18.186550201000017
18.211168533999995
18.23602488900002
18.261492284000013
18.286214889000007
18.311001503
18.335720201000015
18.360063639000003
18.38545275300001
18.409796190999998
18.434454472
18.45946431600001
18.484894940999993
18.50922426300002
18.533580201000007
18.558003482000004
18.582308795000017
18.607695566000018
18.632476867999998
18.65729889900001
18.682518743000003
18.707282544999998
18.73261030500001
18.75715040900002
18.78179452400002
18.806481659000013
18.831125513000018
18.85658337800001
18.881184472
18.905857388000015
18.93059113800001
18.956209367000014
18.981517701
19.006241138000007
19.030993429999995
19.05553483600002
19.080890826
19.105237388000006
19.129978013
19.154625460999995
19.178947023999996
19.204195044000016
19.228646034000008
19.25345775300002
19.278145668999997
19.303388898999998
19.32826822200002
19.35331572200002
19.378132753000017
19.402488742000003
19.428207283999996
19.452462388000015
19.477619784000012
19.502266867000003
19.527616659000017
19.55239181500002
19.57736827400001
19.601971918999993
19.627002492000003
19.65177905500002
19.67759462800001
19.701952648000002
19.726256346000014
19.750582336000008
19.775952492000016
19.800333846
19.826593898
19.850909888000018
19.875385617000006
19.90066150300001
19.924949211000012
19.949596763000017
19.973886711000006
19.998678116999997
20.023509211000004
20.048133637999996
20.072398534
20.097068898000003
20.12169759600002
20.147271711000002
20.172027909000008
20.196716710999993
20.221301971000003
20.245612909000016
20.270942909000013
20.295670617000013
20.320351189999997
20.345124835999997
20.37043056500002
20.394703846
20.419553065000002
20.444268377000014
20.468743273
20.494624836000014
20.519214784000013
20.543519367000016
20.56817556500002
20.59280848100002
20.617908690000007
20.642684679000013
20.667069940000005
20.69169119
20.71615264800002
20.74155712700002
20.766219626999998
20.790538169
20.815289782999997
20.840820929000017
20.866184367000017
20.890443065
20.915712178999996
20.940054575000005
20.966011242000008
20.990614574999995
21.015982387999998
21.042945617000015
21.072366971000008
21.09740592900002
21.12194145000001
21.146220200000016
21.17091754400002
21.195184678999993
21.235352127
21.275306658000005
21.314919367000016
21.350072075000014
21.375276189000004
21.40038113700001
21.424727960000013
21.450020617000007
21.474361501999994
21.499765252000003
21.52410217900001
21.548715981000015
21.573522439000016
21.598105512000018
21.62341822100001
21.648356346000014
21.672685564000005
21.69743160600001
21.721669157999997
21.74679327300001
21.771172335000017
21.795910929
21.82033676200001
21.84565165800001
21.8703577
21.895286709999993
21.919827596000005
21.944486137000013
21.970053793000005
21.99487452300002
22.019526137000014
22.04417822000002
22.068925043000007
22.09395535600001
22.118368898
22.142768168000003
22.167256710000004
22.191968898
22.21747645000002
22.241876085
22.266604418000014
22.29095264700001
22.315195146999997
22.340418950000014
22.365162647000005
22.38977077200002
22.414115460000005
22.43880702200002
22.463478323999993
22.488334158000015
22.513017751999996
22.537883272000016
22.563422282999994
22.587991449000015
22.61251129300001
22.63784285600002
22.662760147
22.688720095000008
22.713008271999996
22.73810957400002
22.763060147000004
22.78889082400002
22.813514783000016
22.838459626000002
22.86278702200002
22.887127230999994
22.91282478300002
22.937268896999996
22.962361606
22.98729092800002
23.012019158000015
23.03706431400002
23.061712751000016
23.086183844999994
23.11046749100001
23.13499822
23.161856709999995
23.187056866000006
23.211301710000015
23.236106397000015
23.261346137000004
23.286538637000007
23.311146293000007
23.335492074
23.36006046
23.385074314000008
23.409501397000014
23.434101657000014
23.458390564000013
23.48525806400002
23.510342960000003
23.53513197000001
23.559862906999996
23.584233584000003
23.61014556400002
23.634725771999996
23.659492854999996
23.683887854999995
23.708273324000004
23.733252803
23.757581293000015
23.782040564
23.806728272000015
23.831106241000015
23.856284782000017
23.88093259500002
23.905165303000018
23.930123793000007
23.95566040700001
23.979983272
24.004677490999995
24.028998793
24.053427491000008
24.078912855
24.10337868800002
24.128132334000014
24.15287920900002
24.177683427999995
24.203580302999995
24.228145928000004
24.252814521999994
24.278949729999994
24.306330927999994
24.330932022000013
24.355186239999995
24.37986170900001
24.404124104999994
24.428852334
24.45316644900001
24.477875823999995
24.507978949000005
24.53276806300002
24.557497438000013
24.58208478200001
24.606793011000008
24.630940562999996
24.655632490000016
24.68028467800002
24.70508759400002
24.72986306300001
24.75454212600002
24.779065615000007
24.803741760999998
24.832142177999998
24.85648525100001
24.881091709000003
24.905819261000005
24.930422074000006
24.95527889600001
24.979749313000013
25.00436655300001
25.029062229999994
25.05365993800001
25.078479834000007
25.10302993800002
25.127305928
25.151938844
25.17661952100002
25.201281448000003
25.225945198000005
25.250547490000002
25.275039261000018
25.299577959000004
25.32392707300002
25.348465980000014
25.372677698000018
25.397293011000016
25.422027178000008
25.446771291999994
25.470986135999993
25.495532593999997
25.520206344
25.544735980000013
25.569601292000016
25.594178948000007
25.618365927000013
25.642987645999995
25.667641969000016
25.692429938000004
25.716655511
25.741160459000014
25.765923844000014
25.790543219
25.815282437999997
25.83986353200001
25.864351969000012
25.889032438000015
25.913718947999996
25.938445978999994
25.963256969000014
25.987889990000014
26.012471188000006
26.037218584000016
26.061869209000008
26.086590978999993
26.111122229000017
26.135820354000003
26.160456968999995
26.185471292000017
26.21004874000002
26.234302646000003
26.25892462500002
26.28363254200002
26.308375718999997
26.332628844
26.357282646000016
26.38195374
26.40661962500002
26.43138014600001
26.45609176000002
26.48030025
26.504926083000015
26.529191552000015
26.553808427000007
26.578529677000006
26.60307129200001
26.627792698000007
26.652489781000014
26.677292646000012
26.701909833000002
26.726546030999998
26.751118219000006
26.775841291999996
26.800411655999994
26.825115613999998
26.849741031000008
26.87441775000002
26.89902264600002
26.923683739000012
26.948368167000012
26.972949677000003
26.997581239
27.02228155200001
27.046875822999993
27.071181448000004
27.095845666000002
27.120436083000016
27.145258479000006
27.169909937
27.194520771000015
27.219067385000017
27.243268896000018
27.26798040600002
27.29231436400002
27.316845822999994
27.34105623900001
27.36560196800002
27.390367905999994
27.415196656000006
27.439822385000014
27.464374104
27.489188791000004
27.513856812
27.538132906000016
27.562755979000002
27.587342750000005
27.611932644999996
27.63617498900001
27.660994625
27.68603561400002
27.710617489000015
27.73536248900001
27.760176031000015
27.784860457999997
27.809415458000018
27.83365525000002
27.85834566600002
27.883156239000016
27.907818635000012
27.932520562000008
27.957145249000007
27.981796446999994
28.006373999000004
28.031075093
28.055767645000003
28.080442229
28.105009050999996
28.129613635
28.154305718000018
28.178914104
28.203603531
28.228234936999996
28.252840979000013
28.277413010000004
28.302028166000014
28.326622436999997
28.350816656000006
28.375621916
28.400319050999997
28.424926811999995
28.44916551
28.473712801000005
28.498440926
28.522979832999994
28.547663270000015
28.572061135000013
28.596742437000017
28.621356812000016
28.64598577000001
28.67059446800002
28.69528170800001
28.71985103
28.744691812000013
28.769190353
28.79384853000002
28.818463113999996
28.842752124000015
28.86724379100002
28.891797956999994
28.916408947000008
28.940656759999996
28.965163114000006
28.990021916000018
29.014529831999994
29.039324676000007
29.063873529999995
29.088494416000003
29.113331603000006
29.13849853000002
29.16367925900002
29.188315093
29.21301941600001
29.237290666000007
29.261864155000012
29.286554103000014
29.311188947000005
29.335798425999997
29.36054644700002
29.385076706999996
29.40999816600001
29.434551134000003
29.45871748800002
29.48316665500002
29.50763728000001
29.53259774900002
29.556817853000013
29.581346550999996
29.606102383999996
29.630845977999996
29.65578139500002
29.68035050900002
29.70505405100002
29.72968806100002
29.754007435999995
29.778762279999995
29.803084207000012
29.830915040000008
29.855765039999994
29.880354831999995
29.904577071999995
29.92933155100002
29.954033165
29.978651915
30.00339160300001
30.027957020000002
30.052674259000014
30.077272697000012
30.101502124000007
30.126350873999996
30.150778790000004
30.175277749000003
30.199902331999994
30.224450560999998
30.249210301000005
30.273848216999994
30.298439779999995
30.323080457000003
30.347743530000002
30.372471186000013
30.397089676000007
30.421656342000006
30.446314676000014
30.47097910300002
30.495705509000004
30.520357853000007
30.544938269
30.569671238000012
30.594250404999997
30.618595926000012
30.64312785300001
30.667824050999997
30.692504310999993
30.717267539999995
30.741965248000014
30.766282280000013
30.790828061000013
30.81506780000001
30.839670299999995
30.864482748
30.88911941500001
30.913822957000008
30.93836488400001
30.962561238000006
30.987278841999995
31.011900665000013
31.036385300000006
31.061066186000005
31.085516759
31.110486134000013
31.134992643999993
31.159642436000013
31.18420264400001
31.208920457000005
31.233476601999996
31.258180613000007
31.282579259000016
31.30719879
31.331833269000015
31.356529154000015
31.381130092000006
31.405806759
31.430407435999996
31.45493311300001
31.479815300000013
31.504431446000012
31.529186811000017
31.553773842
31.57840087300002
31.602969830999996
31.627661915000004
31.65223920600002
31.67683727900001
31.70155186300002
31.726379519000005
31.750935404000018
31.775652019000006
31.80024701900001
31.824962330999995
31.849595092000015
31.873900821000007
31.898484050000008
31.922689778999995
31.94738967500001
31.972118217000002
31.996733841999998
32.02142196700001
32.046044206000005
32.070388165
32.09499113300001
32.11958998700001
32.14418472700001
32.168738217
32.193447644
32.218244415000015
32.24280504000001
32.26759321700001
32.29214285200001
32.316823529000004
32.341469519000015
32.366185977000015
32.39094509200001
32.415461445999995
32.440159935
32.465292331
32.49000321600002
32.514621809999994
32.539283529000016
32.56380368500001
32.588684258
32.61328644600002
32.637937956
32.662504049999995
32.687246810000005
32.71197457100001
32.73665655000002
32.76121082100002
32.785922123000006
32.81070014300002
32.83494972700001
32.85948233100001
32.88416858100001
32.90884795600002
32.93369623700002
32.958384102
32.983069935
33.007658268
33.03228175800001
33.056891862000015
33.08145790400002
33.10611905000002
33.130804622
33.15539832000002
33.18018785200002
33.20480774700002
33.229455508
33.25397160200001
33.27874618500002
33.30337165400002
33.32808108099999
33.35257300800001
33.37711118500002
33.401659674
33.42635665400002
33.45086597700001
33.47578681000002
33.500298372
33.524930039
33.54978003900001
33.574355508
33.59913253900001
33.62365316400002
33.64834326800002
33.67307472600001
33.697828633
33.72244675800002
33.747118164
33.771709622
33.79647915300001
33.82108003900001
33.845819465999995
33.870365039000006
33.895127591000005
33.919911028
33.944472851
33.96985285100001
33.995185612
34.03492858000001
34.074722643
34.11415576800002
34.15402691400001
34.19391587200002
34.233520091
34.273496497
34.307979466000006
34.33271451800002
34.357436132000004
34.382153267999996
34.40636764300001
34.43092941400002
34.455156914000014
34.47981467400001
34.504240299
34.52892139300002
34.55316264300001
34.577758476000014
34.60245847600001
34.62690378900001
34.651623580000006
34.67620842400001
34.700553528
34.72520462200001
34.749633007
34.77430743400001
34.798514933999996
34.82316509100002
34.850746705000006
34.87551154900001
34.89983410100001
34.924519309000004
34.949124100999995
34.97385983000001
34.99862113200001
35.02328691300002
35.048104413000004
35.07275274700001
35.09772217400001
35.122341549
35.14700128800001
35.171609413
35.196107122
35.22097644500002
35.245606861
35.27029816300001
35.294960195000016
35.31918055900002
35.343894726
35.36864524700002
35.393134049
35.417925559
35.44251842400001
35.466879726
35.49149311100001
35.51622279900002
35.540847434
35.56552222600001
35.59032347600001
35.615021184
35.639594413
35.663830819
35.688343007000014
35.71308316299999
35.73778305900001
35.762455351
35.787044049
35.81170712100001
35.836624621
35.861213996000004
35.885908059
35.91016800700001
35.934766913000004
35.95912009
35.983694309000015
36.007938163000006
36.03250873600001
36.057301757000005
36.082085455
36.107011392000004
36.131620870999996
36.156545558999994
36.18140503800001
36.20627670499999
36.23108087100002
36.255800507000004
36.28051269400001
36.305226809000004
36.33005837100001
36.354741757
36.379498528
36.404102902999995
36.42896233000002
36.45356837100002
36.47781680900002
36.502440766999996
36.527145090000005
36.55187123600001
36.57657285000002
36.601129673
36.625339048
36.64993988200001
36.674651184
36.699246652
36.72399300700002
36.74869805900002
36.77294217300002
36.797633996
36.821835350000015
36.84646561100001
36.870677277
36.89516550600001
36.920158215000015
36.944830714999995
36.969973267
36.99468196500001
37.018947017000016
37.043717746
37.06852993300001
37.093099464999995
37.11785191300001
37.142353111000006
37.167296547999996
37.19197384
37.216292173
37.240894881
37.265530506000005
37.290395038000014
37.315185557999996
37.33958279800001
37.36409779800002
37.388809777000006
37.413695246
37.43840837100001
37.46310149600001
37.48835488100002
37.512650767
37.537670297999995
37.562389464999995
37.586856912
37.611780506
37.63672509
37.66104691200002
37.685878683
37.71054634000001
37.73488003700001
37.75962206900002
37.78423618300002
37.80896561
37.833288683000006
37.857916808
37.88261706900002
37.90729514200001
37.931647121
37.95637175600001
37.98108477700001
38.00606076600002
38.030373475000005
38.054980141000016
38.07930029800002
38.103847016
38.12874394400001
38.153291756000016
38.17797305800002
38.20245587100001
38.227141079000006
38.251782692999996
38.276158006
38.300825454000005
38.32510899600001
38.34976930800002
38.37454217300001
38.39921758900002
38.424069152000015
38.448302068000004
38.47276785
38.49761248500002
38.522281964
38.54709014100001
38.571718161999996
38.596440766
38.621277641000006
38.646031859999994
38.67062675600002
38.694871078999995
38.71947066200002
38.74392811000001
38.76877686
38.793325193000015
38.818503942999996
38.843580505999995
38.868247016
38.89252545400001
38.91738436
38.94205680800002
38.966242171999994
38.99096180800001
39.01548477700001
39.04043102600002
39.06507576600001
39.08944977600001
39.113929463999995
39.138217172
39.16304222400001
39.187723473999995
39.21240389100001
39.236951078999994
39.26158717200002
39.28632149500001
39.311138266
39.33585118300002
39.360735714000015
39.38524545300001
39.410052381000014
39.434655348999996
39.458898370000014
39.483553994999994
39.50836279700002
39.533112485000004
39.557858683000006
39.582529359999995
39.60688644300001
39.631496338999995
39.655941599000016
39.680524151000014
39.704701391000015
39.72945389100002
39.753714151
39.778568057
39.803184985
39.827872016000015
39.855297068
39.88017670300002
39.90449805700001
39.929053005000014
39.953248422
39.97790790100001
40.00270566200001
40.027375973999995
40.052042172
40.076718943
40.101437745
40.12624232800002
40.15094373400001
40.17573503600002
40.19998998400001
40.22456123400002
40.249621495000014
40.274101755000004
40.298409410999994
40.32308514100001
40.347388943
40.37199389100002
40.39673519300001
40.42143795300001
40.44623368200001
40.471116807000016
40.495955818
40.52066560900002
40.545350505000016
40.570539255
40.59535816100001
40.620228161
40.644820245000005
40.669531182000014
40.69410821300002
40.71850264
40.743299463
40.767568318
40.792231703
40.81698764000001
40.84182024500001
40.866202380000004
40.890815712999995
40.91521264000002
40.93986717200002
40.96451081700002
40.989193056999994
41.01389659900002
41.038437431999995
41.06313165100002
41.08788972400001
41.112184359
41.136705557
41.16134623400001
41.18578920300001
41.210290297
41.23498430700002
41.25968649399999
41.284440243999995
41.308735661000014
41.333468474
41.357778838
41.38235196300002
41.40655342100001
41.43124482800002
41.45605430700002
41.480681651
41.505438526000006
41.530027432
41.554955973000006
41.579713733999995
41.604416703
41.62913170300001
41.653806806999995
41.678502275
41.703272432000006
41.72810685900001
41.752819515
41.777457223
41.80219810900002
41.82703175500001
41.85165336900002
41.875973630000004
41.900615036000005
41.924932067000015
41.94960295200002
41.97432816100002
41.99898727500002
42.023669775
42.04832649400001
42.073156442
42.09775852500002
42.122462326999994
42.147160661000015
42.171438421000005
42.196282223
42.220619045999996
42.245258525
42.26950967100001
42.29408795200001
42.319180192000005
42.343751494
42.367960713
42.393009723000006
42.41725623400001
42.441921963
42.46619784800001
42.490905244000004
42.515122692000006
42.539888993999995
42.56468290000001
42.589225192000015
42.613941963
42.63861816100001
42.66346534800002
42.688211233000004
42.71281290000002
42.737540661
42.762217327
42.786897119
42.811731546000004
42.836548733
42.86115482700001
42.885933994
42.910607379
42.93542774400001
42.96001633700001
42.984720452000005
43.009414827
43.034317223000016
43.05910441
43.08328383700001
43.10796842100001
43.132204462000004
43.15717789999999
43.181562692
43.20618456700001
43.230388577000014
43.255067534999995
43.279991962
43.304622119000015
43.328902692000014
43.353471076999995
43.377746754000015
43.402520296000006
43.42694748300002
43.451517222999996
43.475878212
43.50059149400002
43.52483467100001
43.549631233000014
43.573859306
43.598449671
43.623175608
43.647773107999996
43.67290998300001
43.69820524300002
43.723410400000006
43.74820909800002
43.772763056
43.79753967100001
43.822236129000004
43.846515556000014
43.871634618
43.896082742999994
43.92070368100002
43.945069098000005
43.969795919999996
43.994122014
44.018757327
44.043421284999994
44.06824503500002
44.092904202
44.11754993100001
44.14173133700001
44.166390086999996
44.19117362900002
44.21588326400001
44.24029555600001
44.26499305600001
44.289733420000005
44.31453774300002
44.33929029500001
44.363959983
44.38841925400001
44.41301300400002
44.438026389000015
44.462660712
44.48732467000002
44.511957378999995
44.536253629000015
44.561125191
44.585902379000004
44.610594983
44.635334097
44.659842431000015
44.68460144100001
44.70948982600001
44.73408263900001
44.75834045100001
44.78285821200001
44.807748108
44.83190373300002
44.859740243000005
44.88470467000002
44.90956862800002
44.934143680000005
44.958891389
44.98351352400002
45.007745451000005
45.032453524000005
45.05669711800002
45.081125555
45.10585816
45.130482013999995
45.15481816000002
45.17927769100001
45.20387357600001
45.22863727399999
45.25294336800002
45.277868471999994
45.302363524000015
45.327070972
45.351811545000004
45.37644576400001
45.40132644100001
45.42594904500001
45.45095185700001
45.47520180500001
45.499493368
45.524459409
45.54914019100002
45.573839566000004
45.598894305000016
45.623521493
45.64805243000001
45.67302388900001
45.697867899000016
45.722527066
45.747289566000006
45.772078628
45.79679737800001
45.821377377999994
45.84625946100002
45.871064566
45.896044930000016
45.920606909000014
45.94534805500001
45.970058368
45.995206335999995
46.02144597200001
46.04636217000001
46.071042326
46.09588133600002
46.120718993
46.14515727400001
46.17008217
46.194734460999996
46.219783731999996
46.244600503000015
46.269303836000006
46.29384461700002
46.318603784000004
46.343272899
46.36759743000002
46.39221883600001
46.41686493
46.44151050300002
46.466529982
46.491149981999996
46.515391961000006
46.540113367000004
46.564822117000006
46.58960123200001
46.614289461
46.63893133600001
46.663576753
46.688351857000015
46.712699826000005
46.73731394000001
46.76162243000002
46.786250346
46.81096138800001
46.835918211000006
46.86071519000001
46.88517612800001
46.91000508600001
46.934672378000016
46.95898123200001
46.983628159000006
47.00792477300001
47.032500919
47.05672430500002
47.081514513
47.105790138
47.13049185700001
47.155159044000015
47.17984956500001
47.20485341900002
47.22955289800001
47.254122169
47.27887706500002
47.303528107000005
47.328477168999996
47.35317175200001
47.377912949999995
47.40250769000002
47.42699175200002
47.45180576300001
47.47646591900002
47.501185711000005
47.525451961000016
47.55001899200002
47.574441440000015
47.59896513800001
47.62329071100001
47.64797998200001
47.67224628400001
47.697006388000005
47.721151752
47.74584513800002
47.77077289800002
47.795296909
47.81962123100001
47.84423201300001
47.869029616999995
47.893846752
47.91849956500002
47.94333045000002
47.96808779400001
47.99275414800002
48.017603210999994
48.04219654400001
48.06707045000002
48.09167795000002
48.11659966900001
48.141193367
48.166135397999994
48.19079055400002
48.21566435600002
48.240355763
48.26498065800001
48.28977701300002
48.31441560600001
48.339230971000006
48.363848367
48.38841779400002
48.413090606
48.437390502
48.462063887
48.486757221000005
48.511358992
48.53636279400001
48.56092091900001
48.58577472100001
48.61048638700001
48.634733419000014
48.659539096
48.68425274200001
48.708927063999994
48.73355753300001
48.758317377
48.783247012000004
48.807954408
48.832249252
48.85685117900002
48.881124200000016
48.906042689
48.93031289800001
48.95497664800001
48.97973836600002
49.00436878300002
49.029278938999994
49.05396920000001
49.07836071
49.103004252000005
49.12734805400001
49.152109980999995
49.17685222100002
49.20149946000001
49.226212481000005
49.250533106000006
49.27511050200002
49.299687688999995
49.32463133500002
49.34926456400001
49.37394258500001
49.39873326200001
49.42334091800001
49.44807388700002
49.47264347000001
49.497699564000015
49.52236597000001
49.547042377
49.571672688999996
49.5967392
49.621447793000016
49.64572539700001
49.670371700000004
49.694537064
49.718886387
49.743277377
49.768057481
49.792348887
49.81693248100001
49.84112774100001
49.87010685600001
49.89450440800002
49.91920472000001
49.94341654300001
49.968237168
49.99294836600001
50.01761706400001
50.04226024100001
50.06697586600001
50.09140701200002
50.116147428999994
50.14153919899999
50.16671175100001
50.19120753300001
50.215890449
50.240151647000005
50.26501925100001
50.289345137
50.313946595000004
50.338208417999994
50.362796074000016
50.38714373000002
50.41193414700001
50.43670602200001
50.461460501000005
50.486255137
50.51096248000002
50.53587190800002
50.56038935500001
50.58504612600001
50.60973180300002
50.634624876000004
50.659497012
50.68414602200002
50.70879961599999
50.73334544900001
50.758180657
50.782792637
50.80760748
50.832263626000014
50.856605137
50.88137513700002
50.905729095
50.930358573999996
50.955046439
50.979784564
51.00417472000001
51.02884034500002
51.05305399100001
51.077550814000006
51.10170435500001
51.12652560500001
51.150782219999996
51.175415501
51.200138001
51.224780189
51.24961612600001
51.27421216800002
51.29893638600001
51.323538157
51.347833991000016
51.372811074
51.39783472000002
51.422472167999985
51.44661123
51.47123117800001
51.49566086500002
51.52028289699999
51.54455617800002
51.569276178000024
51.594067739999986
51.618888365000004
51.643708938
51.66843409499998
51.69312294900001
51.717841386
51.74248607400003
51.767340709000024
51.792019563000025
51.816722897000005
51.841355397
51.865628885999996
51.890393001000035
51.91461669899999
51.93921899
51.963890239999984
51.988398157000034
52.013100605000005
52.03781966699998
52.062568260999996
52.087277219000015
52.111986959000006
52.13674737599999
52.16145774000003
52.186130292
52.21043737599999
52.234694458999996
52.259033313
52.28356399000003
52.307822791999996
52.332539250999986
52.356844980000034
52.381567166999986
52.40627742799998
52.430939876
52.455662948000025
52.48026461499998
52.505005917000034
52.529778573000016
52.554119041999996
52.57876128199999
52.60351425000002
52.62824149000002
52.652931489999986
52.67761081300003
52.70172039600001
52.726426594
52.751257063
52.77609024
52.800644145999996
52.82536117700002
52.85011492700002
52.87528695900002
52.90002815699998
52.92480789600003
52.94930539600003
52.97405471900001
52.998689041999995
53.02284992700001
53.04726419800002
53.07143008400001
53.096315188000034
53.12066107299998
53.145222896000035
53.16948013600003
53.194122323000016
53.218984146
53.244018780999994
53.268799406
53.29359560399999
53.31864169799999
53.34365096899998
53.368062948000016
53.39257107300003
53.417509146000015
53.44310232300003
53.467842375000004
53.49200800000003
53.51618872899999
53.54083378100003
53.565107323000035
53.58981591699998
53.61457378100002
53.63909680200001
53.66363362500002
53.68833216700003
53.713216905999985
53.737876021000005
53.76272789600003
53.78728232300003
53.81199060399999
53.83737049999999
53.86211529200003
53.886359562000024
53.91091326
53.93520096900002
53.95983534400003
53.984636333
54.009207583000006
54.03344242699998
54.058093885000034
54.08287149000003
54.10753169800003
54.132348052000026
54.156941906000014
54.18183508299998
54.20647950999998
54.230694510000006
54.25491930199999
54.279099822999996
54.30371753099999
54.328005134999984
54.35264680200001
54.37684836399998
54.401368781
54.42563300000003
54.45044716600003
54.474735030999994
54.499406332999996
54.52409966600001
54.54873628100003
54.57357055200001
54.59813716599999
54.62240398899999
54.64689435400001
54.67118638500003
54.69596477100001
54.72013534300001
54.74478263500001
54.76958539500001
54.79415669800002
54.81930055199999
54.843992583000016
54.870913
54.89570456200002
54.920407530999995
54.94509279100001
54.96972367700002
54.99445451
55.019082322
55.044011281000024
55.06872138500003
55.093045031
55.11768992699999
55.142363937
55.16705091600002
55.191266958
55.215892894999996
55.24061367700003
55.26524862400001
55.290100291000016
55.31481383299999
55.339581385
55.364217791000016
55.38895836399999
55.41366086399998
55.437926906
55.462481854
55.486639457999985
55.51124685400001
55.53563581199998
55.560291645000035
55.584838416
55.60944831200001
55.63418284299999
55.65891440599998
55.683656592999995
55.70842133300002
55.73271820800002
55.757304197000025
55.78218607200003
55.806785082999994
55.84684534300001
55.87968227000002
55.90448128
55.929881333
55.95510565499998
55.979909770000035
56.004502686999984
56.029237583000025
56.05391237400002
56.078541957
56.10324331199999
56.12783523900001
56.15257581199998
56.177114509999996
56.20173138499999
56.226252947000006
56.250861645000015
56.275341956999995
56.30005523899999
56.324586697
56.34918117600003
56.373733676
56.398393416000005
56.422943884000034
56.44754044700002
56.472163988999995
56.496615133999995
56.52117945699999
56.545913676000026
56.57054435300003
56.59508081100003
56.61968414499998
56.64426294699999
56.668864145000015
56.69345898899999
56.71790091599999
56.742515134
56.76711227000001
56.79160763400003
56.816154822000016
56.84073190500001
56.865162947000016
56.88985575900003
56.91445555100003
56.93903216600003
56.96366107200001
56.98817825900002
57.01273544699998
57.03732945700003
57.061885967999984
57.08636299899999
57.11087456100003
57.135412790000004
57.15996086300001
57.184532217
57.20915633199999
57.23352242600001
57.258060707
57.27439909199998
57.28236357199998
57.30696367599998
57.33143898800003
57.356055551000026
57.380330447000034
57.404940082000024
57.42951268599998
57.45413122800002
57.478695447000035
57.50328909200002
57.527790863000035
57.55240388400003
57.57693664400003
57.60140372800001
57.62602253000003
57.65058122799999
57.67502617599999
57.700027999000014
57.72455555100001
57.74921581100003
57.77365940500002
57.798296695999994
57.822814352999984
57.84732664399999
57.87185570699998
57.89628029000002
57.92088096699999
57.945402426000015
57.97001476900002
57.99443341500003
58.01903013400002
58.04348898800001
58.06833174800002
58.09282122800002
58.1173393
58.141872113000005
58.166392530000024
58.19099096700003
58.21566836299999
58.240492165000006
58.265709405000024
58.29004487300003
58.31465528999999
58.339147061000034
58.36371679999999
58.388249977000015
58.41279929999999
58.43729159199998
58.46185305000003
58.48626659200002
58.51091284200001
58.53542945699999
58.56001372699998
58.58429810200002
58.608860497999984
58.633439820999996
58.65808320700003
58.68252726900002
58.70711341500001
58.73162159199998
58.75617101899999
58.78075945600003
58.80526674799998
58.82978310199999
58.85429607099999
58.87887956099999
58.903467216999985
58.92795950799999
58.95245117499999
58.97697544600001
59.00144997700002
59.02614482100003
59.050573727
59.075132061000005
59.09968961299998
59.12427008099999
59.14880195600003
59.17334127900003
59.19756935199999
59.22200117500003
59.24647206
59.271112165000005
59.29570544600003
59.320278675000026
59.344756071000035
59.369319924999985
59.39386310199998
59.41844851900001
59.442938935
59.46758080999999
59.49227028999999
59.516932217000004
59.54146440399998
59.566679196000024
59.59114174800001
59.61548909199999
59.653010446000025
59.692701852
59.73240278900002
59.771643882999996
59.79616935200002
59.83564565399999
59.878794924999994
59.90374877899998
59.93305060200001
59.972770706000034
60.012201331
60.04658669599999
60.07128080999999
60.09562669599998
60.120265706000026
60.144867998000024
60.182982737
60.22267091400002
60.26218169500001
60.30167914300003
60.33615966400001
60.360917633000014
60.385283466000004
60.422692633000025
60.462353258000036
60.501668309999985
60.536185706
60.560882633000034
60.58515330999998
60.62274372700003
60.662207059999986
60.686764872
60.71267523700001
60.75237476800001
60.791685914
60.826185132999996
60.851568154000034
60.876252424
60.90817278900002
60.93277924700001
60.95736935099998
60.992742892999985
61.03247544500002
61.071715496999985
61.09599700800001
61.135488777999996
61.170031695000006
61.194521487
61.232987527999995
61.272437371999985
61.311689924000035
61.34617617400002
61.37129231999998
61.396034039
61.43306294499999
61.472541329999984
61.50750711200001
61.53213752799999
61.55692711200001
61.59270247600003
61.632121591000015
61.65657482000003
61.683031903
61.717707789
61.74245185100003
61.767128413999984
61.80304080900001
61.842506851000024
61.88214758000001
61.91656007999998
61.94124289300001
61.96611138199998
62.00296617400002
62.027439507000025
62.05294232000003
62.09265830900003
62.13211940300002
62.17104508000003
62.19545846600002
62.219979091
62.24452773599998
62.26898023600003
62.293471799
62.31799455900003
62.34256440300001
62.36700929899999