24
-171
-172
-174
-174
-172
-177
-174
-170
-175
-176
-170
-171
-169
-172
-173
-175
-171
-175
-172
-170
-171
-172
-167
-169
-170
-172
-173
-169
-173
-177
-174
-176
-174
-174
-172
-165
-172
-173
-167
-171
-171
-174
-172
-175
-172
-174
-169
-174
-169
-173
-169
-170
-173
-171
-167
-173
-173
-172
-168
-174
-175
-172
-172
-170
-173
-167
-174
-177
-169
-171
-178
-171
-172
-172
-171
-172
-173
-173
-171
-170
-171
-164
-169
-171
-169
-171
-169
-172
-169
-166
-175
-170
-170
-173
-173
-171
-168
-168
-170
-172
-169
-171
-169
-168
-171
-172
-169
-169
-169
-168
-174
-170
-172
-177
-171
-168
-174
-169
-173
-175
-170
-167
-172
-171
-172
-173
-172
-171
-172
-169
-167
-173
-167
-168
-177
-173
-169
-170
-172
-172
-167
-176
-171
-169
-173
-167
-170
-171
-170
-175
-173
-171
-172
-170
-170
-170
-171
-171
-169
-170
-173
-175
-173
-167
-171
-168
-167
-168
-172
-163
-170
-169
-165
-167
-172
-167
-171
-170
-168
-170
-171
-174
-173
-167
-168
-171
-171
-170
-169
-172
-170
-172
-171
-168
-171
-166
-174
-174
-168
-172
-165
-171
-164
-165
-172
-172
-166
-166
-170
-168
-175
-168
-169
-171
-167
-168
-172
-168
-168
-171
-173
-172
-173
-170
-168
-169
-174
-172
-171
-167
-169
-172
-173
-167
-170
-174
-172
-171
-167
-171
-174
-172
-164
-166
-173
-169
-170
-172
-170
-170
-171
-171
-173
-172
-168
-166
-176
-175
-167
-168
-173
-173
-174
-168
-169
-169
-169
-172
-173
-165
-166
-169
-173
-175
-170
-173
-170
-171
-169
-171
-164
-173
-166
-171
-173
-169
-172
-171
-170
-172
-170
-170
-174
-171
-172
-169
-167
-172
-164
-169
-168
-170
-174
-168
-171
-171
-175
-169
-173
-172
-171
-169
-168
-168
-174
-170
-173
-171
-169
-168
-173
-173
-169
-171
-172
-169
-168
-175
-166
-171
-170
-165
-168
-166
-168
-168
-170
-172
-176
-170
-172
-166
-170
-166
-168
-168
-171
-172
-171
-172
-173
-170
-169
-172
-177
-171
-169
-172
-167
-168
-171
-170
-164
-175
-176
-170
-168
-172
-172
-173
-167
-172
-170
-166
-167
-172
-168
-173
-169
-173
-170
-166
-173
-168
-170
-172
-174
-172
-166
-167
-169
-166
-171
-169
-168
-174
-168
-165
-171
-174
-169
-167
-169
-171
-167
-169
-170
-171
-166
-174
-172
-173
-173
-165
-171
-169
-165
-172
-171
-168
-166
-165
-173
-174
-170
-171
-170
-171
-171
-172
-171
-173
-176
-175
-172
-172
-170
-169
-173
-170
-173
-175
-169
-174
-169
-164
-171
-173
-169
-172
-168
-167
-169
-174
-172
-171
-174
-169
-169
-158
-158
-157
-157
-161
-162
-165
-166
-165
-170
-172
-169
-169
-167
-167
-164
-171
-164
-162
-164
-164
-161
-163
-166
-169
-169
-167
-166
-172
-171
-165
-164
-169
-158
-160
-165
-167
-163
-163
-166
-170
-166
-166
-172
-173
-169
-163
-165
-165
-161
-166
-162
-162
-164
-162
-170
-168
-172
-167
-162
-167
-165
-165
-164
-164
-168
-162
-162
-168
-169
-167
-165
-163
-169
-162
-167
-170
-172
-167
-166
-166
-168
-165
-169
-166
-168
-163
-166
-172
-168
-170
-168
-165
-162
-165
-162
-172
-167
-163
-166
-166
-170
-170
-169
-171
-167
-166
-169
-167
-165
-166
-164
-170
-167
-173
-161
-170
-166
-166
-160
-161
-168
-170
-161
-164
-166
-163
-163
-168
-160
-165
-167
-160
-162
-163
-166
-164
-164
-169
-163
-168
-165
-174
-164
-164
-162
-169
-168
-170
-162
-162
-165
-165
-169
-167
-165
-166
-168
-165
-169
-169
-168
-165
-162
-169
-168
-167
-162
-165
-167
-171
-161
-167
-166
-168
-164
-165
-160
-168
-164
-164
-167
-168
-162
-165
-164
-167
-168
-167
-156
-161
-167
-169
-162
-165
-161
-163
-167
-168
-169
-162
-168
-162
-169
-168
-168
-166
-167
-160
-161
-163
-167
-170
-168
-162
-166
-166
-165
-166
-162
-168
-167
-167
-162
-164
-166
-165
-160
-169
-166
-167
-169
-168
-169
-162
-167
-164
-164
-166
-169
-162
-166
-166
-167
-165
-163
-167
-163
-165
-162
-164
-165
-163
-167
-165
-168
-168
-165
-172
-167
-171
-168
-166
-164
-165
-163
-165
-166
-166
-165
-170
-162
-169
-165
-166
-164
-167
-170
-165
-162
-163
-168
-166
-166
-166
-171
-166
-164
-165
-166
-165
-168
-164
-166
-164
-164
-168
-168
-161
-167
-164
-162
-165
-165
-170
-166
-161
-165
-165
-163
-168
-165
-166
-160
-163
-163
-169
-163
-165
-168
-162
-173
-162
-168
-167
-165
-163
-167
-165
-166
-164
-163
-163
-166
-163
-169
-165
-165
-161
-163
-164
-170
-161
-165
-163
-164
-166
-168
-164
-165
-167
-160
-164
-164
-166
-162
-164
-166
-168
-164
-164
-168
-165
-163
-166
-166
-165
-167
-167
-164
-161
-159
-169
-166
-164
-167
-163
-163
-160
-165
-173
-167
-164
-162
-159
-169
-170
-167
-166
-166
-164
-163
-162
-164
-164
-167
-165
-167
-167
-166
-160
-162
-169
-166
-164
-165
-171
-165
-161
-168
-164
-162
-168
-160
-169
-160
-166
-167
-165
-165
-165
-159
-166
-170
-165
-164
-164
-161
-160
-169
-170
-170
-168
-158
-166
-168
-164
-169
-160
-163
-162
-164
-168
-166
-167
-164
-166
-157
-160
-165
-163
-168
-160
-165
-162
-169
-168
-166
-168
-165
-163
-166
-168
-170
-169
-162
-165
-164
-164
-163
-165
-163
-161
-165
-166
-168
-167
-163
-159
-164
-162
-160
-162
-169
-166
-160
-162
-163
-165
-168
-167
-162
-164
-163
-160
-170
-168
-167
-166
-166
-166
-163
-165
-176
-161
-167
-165
-162
-161
-163
-168
-165
-161
-166
-165
-169
-162
-167
-162
-164
-159
-159
-167
-168
-166
-172
-169
-169
-162
-163
-163
-159
-163
-162
-164
-170
-169
-171
-165
-161
-164
-162
-161
-166
-170
-168
-164
-164
-163
-160
-159
-164
-160
-165
-165
-169
-169
-167
-162
-160
-162
-162
-164
-169
-166
-167
-166
-165
-162
-160
-163
-160
-164
-171
-170
-167
-160
-164
-164
-163
-159
-160
-160
-169
-167
-173
-175
-160
-165
-164
-161
-162
-168
-166
-166
-169
-162
-162
-162
-160
-165
-164
-171
-164
-173
-168
-168
-163
-162
-166
-161
-164
-164
-167
-172
-170
-166
-163
-155
-155
-163
-165
-167
-167
-173
-166
-167
-164
-158
-159
-163
-168
-167
-174
-169
-166
-167
-165
-160
-159
-168
-167
-169
-166
-171
-164
-161
-163
-158
-162
-168
-162
-166
-170
-168
-166
-169
-155
-164
-158
-163
-166
-162
-170
-168
-166
-166
-168
-161
-164
-167
-169
-170
-166
-170
-170
-167
-157
-161
-159
-167
-165
-170
-169
-162
-166
-163
-159
-159
-159
-160
-164
-171
-167
-163
-167
-162
-156
-159
-162
-167
-170
-167
-167
-168
-166
-160
-158
-159
-164
-168
-165
-171
-169
-166
-165
-163
-163
-155
-160
-168
-165
-170
-167
-163
-168
-161
-161
-168
-164
-168
-170
-165
-164
-163
-162
-164
-165
-162
-161
-165
-169
-165
-173
-168
-167
-161
-159
-154
-164
-166
-167
-167
-163
-162
-164
-160
-163
-160
-166
-169
-166
-167
-169
-165
-164
-160
-155
-163
-162
-166
-164
-169
-167
-167
-162
-165
-161
-159
-165
-169
-166
-165
-170
-163
-159
-158
-165
-163
-166
-169
-171
-170
-165
-164
-162
-164
-160
-164
-162
-163
-168
-169
-169
-164
-159
-165
-161
-159
-166
-169
-168
-167
-168
-171
-160
-155
-166
-165
-168
-167
-172
-167
-161
-158
-160
-161
-167
-162
-169
-170
-161
-171
-166
-163
-160
-162
-159
-165
-166
-171
-170
-165
-168
-162
-161
-163
-161
-159
-168
-172
-168
-168
-163
-162
-165
-160
-160
-165
-164
-167
-163
-168
-166
-156
-161
-161
-167
-167
-165
-167
-164
-170
-161
-161
-155
-159
-165
-172
-169
-169
-171
-165
-161
-159
-157
-163
-167
-164
-168
-169
-166
-168
-162
-164
-159
-161
-163
-164
-169
-172
-167
-164
-161
-162
-161
-164
-169
-171
-168
-167
-158
-166
-162
-169
-167
-171
-165
-161
-163
-166
-166
-165
-170
-165
-167
-164
-165
-167
-156
-163
-160
-165
-165
-164
-169
-166
-164
-164
-161
-161
-162
-168
-166
-168
-164
-166
-166
-161
-158
-156
-163
-168
-167
-170
-165
-163
-164
-155
-160
-157
-168
-167
-165
-164
-168
-162
-165
-160
-162
-159
-166
-166
-170
-167
-169
-166
-162
-164
-158
-165
-167
-168
-167
-162
-164
-162
-164
-160
-160
-164
-165
-169
-163
-168
-164
-160
-158
-163
-159
-159
-169
-167
-166
-160
-163
-162
-158
-159
-161
-165
-165
-171
-168
-169
-167
-165
-162
-161
-165
-163
-165
-171
-168
-171
-167
-167
-161
-160
-156
-161
-164
-169
-169
-172
-165
-161
-162
-162
-160
-168
-169
-167
-167
-165
-165
-160
-163
-160
-161
-157
-161
-167
-170
-167
-167
-161
-163
-157
-162
-167
-162
-164
-164
-162
-162
-162
-160
-163
-162
-166
-169
-172
-164
-162
-164
-160
-160
-160
-170
-171
-168
-167
-169
-166
-162
-160
-156
-159
-165
-169
-166
-167
-165
-162
-163
-164
-160
-162
-163
-168
-170
-167
-167
-163
-165
-161
-157
-163
-164
-161
-167
-165
-165
-169
-167
-161
-162
-159
-171
-167
-166
-162
-167
-166
-164
-160
-158
-162
-164
-162
-163
-167
-168
-166
-165
-163
-158
-161
-162
-171
-168
-165
-167
-160
-166
-162
-161
-169
-167
-170
-169
-169
-167
-165
-154
-156
-157
-165
-162
-169
-167
-166
-163
-162
-160
-162
-161
-167
-166
-162
-167
-167
-166
-161
-162
-158
-162
-165
-164
-164
-168
-171
-162
-165
-165
-162
-165
-164
-170
-167
-164
-159
-165
-163
-159
-162
-162
-168
-170
-169
-168
-162
-162
-164
-160
-160
-158
-165
-168
-163
-172
-168
-160
-161
-159
-161
-162
-161
-170
-170
-162
-166
-164
-162
-160
-160
-166
-162
-170
-165
-165
-167
-161
-161
-156
-163
-161
-166
-168
-168
-166
-163
-163
-161
-162
-163
-162
-165
-167
-170
-165
-164
-164
-157
-166
-161
-165
-165
-166
-162
-166
-165
-160
-162
-157
-160
-163
-167
-160
-169
-167
-165
-156
-159
-159
-163
-162
-164
-164
-171
-166
-166
-159
-160
-163
-162
-166
-168
-170
-167
-158
-163
-162
-162
-160
-165
-165
-171
-169
-166
-165
-166
-158
-152
-151
-156
-158
-164
-170
-171
-171
-174
-163
-167
-168
-156
-153
-143
-139
-146
-154
-163
-168
-178
-171
-181
-173
-169
-165
-160
-149
-145
-147
-147
-158
-165
-176
-169
-169
-169
-168
-166
-165
-155
-154
-148
-148
-161
-171
-171
-171
-170
-165
-165
-172
-163
-157
-149
-149
-154
-164
-165
-169
-170
-173
-170
-162
-169
-163
-155
-151
-149
-156
-162
-166
-171
-170
-170
-171
-171
-167
-166
-156
-144
-141
-147
-160
-168
-166
-168
-177
-169
-166
-164
-165
-153
-143
-144
-156
-162
-166
-169
-172
-176
-173
-169
-165
-160
-151
-148
-144
-147
-156
-162
-165
-177
-172
-172
-165
-167
-163
-154
-145
-148
-151
-159
-164
-168
-169
-174
-171
-168
-165
-162
-151
-150
-148
-146
-162
-159
-170
-174
-172
-170
-171
-167
-162
-156
-142
-144
-147
-152
-165
-171
-164
-173
-170
-177
-163
-163
-158
-153
-147
-144
-158
-164
-164
-171
-174
-169
-174
-167
-164
-165
-152
-147
-148
-155
-163
-169
-170
-171
-170
-171
-171
-163
-158
-152
-150
-144
-153
-157
-168
-174
-170
-176
-167
-168
-165
-161
-154
-146
-146
-150
-162
-168
-165
-169
-174
-167
-171
-168
-165
-155
-147
-149
-148
-159
-166
-168
-172
-172
-172
-167
-168
-158
-151
-149
-142
-147
-159
-165
-166
-166
-176
-172
-166
-171
-165
-157
-152
-152
-149
-157
-162
-168
-169
-169
-173
-167
-167
-161
-148
-149
-151
-149
-161
-164
-171
-167
-179
-166
-169
-170
-165
-158
-149
-138
-135
-137
-150
-155
-169
-178
-175
-172
-175
-176
-172
-164
-162
-145
-125
-116
-112
-118
-133
-157
-169
-174
-176
-170
-166
-173
-172
-172
-163
-147
-120
-107
-104
-104
-119
-146
-165
-170
-171
-164
-162
-164
-171
-172
-168
-154
-127
-104
-97
-98
-101
-120
-157
-169
-176
-170
-162
-160
-161
-169
-167
-162
-148
-124
-99
-96
-97
-104
-133
-161
-169
-176
-165
-159
-158
-166
-174
-173
-164
-144
-111
-107
-95
-98
-114
-141
-162
-175
-169
-164
-158
-161
-168
-179
-171
-155
-125
-104
-94
-97
-102
-128
-149
-172
-182
-167
-161
-156
-161
-175
-170
-161
-142
-119
-98
-96
-103
-112
-142
-166
-172
-172
-165
-154
-159
-168
-175
-167
-152
-128
-103
-96
-97
-110
-133
-158
-174
-177
-167
-161
-162
-171
-176
-177
-165
-137
-118
-104
-102
-103
-115
-148
-160
-175
-170
-168
-158
-159
-167
-174
-171
-145
-128
-100
-97
-89
-111
-134
-159
-171
-175
-167
-164
-162
-167
-176
-167
-160
-135
-110
-94
-99
-104
-126
-151
-172
-181
-172
-162
-157
-164
-176
-173
-167
-144
-121
-104
-93
-98
-109
-142
-165
-177
-170
-168
-157
-162
-174
-177
-168
-155
-127
-104
-96
-97
-107
-131
-154
-174
-172
-159
-159
-167
-174
-170
-156
-141
-108
-97
-93
-99
-114
-150
-167
-178
-168
-160
-165
-156
-169
-168
-161
-147
-117
-98
-94
-100
-105
-138
-162
-169
-171
-164
-163
-157
-167
-177
-170
-159
-141
-105
-100
-95
-100
-121
-153
-171
-178
-169
-162
-160
-166
-174
-173
-167
-145
-145
-119
-103
-99
-99
-110
-139
-157
-171
-171
-163
-165
-160
-167
-172
-168
-154
-137
-105
-96
-102
-98
-125
-145
-171
-177
-171
-161
-157
-167
-173
-175
-162
-143
-116
-100
-95
-94
-111
-138
-164
-175
-170
-163
-164
-158
-168
-178
-170
-158
-131
-109
-88
-97
-99
-110
-139
-162
-177
-173
-167
-157
-158
-158
-170
-180
-166
-154
-129
-112
-95
-97
-99
-119
-142
-164
-174
-170
-171
-165
-161
-166
-171
-175
-166
-165
-142
-123
-113
-111
-112
-124
-145
-159
-164
-172
-176
-180
-171
-177
-171
-162
-154
-138
-135
-136
-139
-154
-165
-169
-172
-170
-175
-173
-174
-175
-165
-158
-147
-147
-141
-135
-147
-156
-163
-170
-172
-174
-176
-173
-173
-172
-159
-148
-142
-140
-140
-139
-144
-165
-168
-175
-175
-176
-179
-172
-168
-157
-148
-137
-129
-136
-145
-160
-165
-164
-176
-173
-170
-178
-179
-166
-158
-157
-139
-130
-135
-141
-160
-159
-171
-173
-176
-178
-175
-167
-164
-162
-160
-149
-147
-129
-140
-139